Enero: 15 8 9 12 20 15 19 18 12 21 12 8 7 21 10 13 18 12 14 20 17 16 7 17 12 19 9 17 11 18
Febrero: 11 18 21 8 9 14 11 11 19 22 8 20 15 10 19 10 7 8 10 14 15 20 9 9 18 10 9 15 7 13
Marzo: 9 18 22 12 11 18 9 13 10 14 16 16 15 12 22 11 11 21 18 18 17 20 13 20 10 10 18 22 20 16
Abril: 10 22 11 19 22 11 10 11 16 21 17 9 14 13 12 11 10 20 11 19 13 18 8 21 9 11 17 14 16 9
Mayo: 15 15 11 10 22 19 19 21 18 10 15 11 9 21 17 22 19 13 14 8 21 22 19 10 7 14 20 7 22 16
Junio: 16 21 21 15 15 16 21 10 14 14 19 18 21 12 13 13 19 16 7 8 14 14 16 19 7 15 14 12 13 7
Julio: 17 16 7 16 13 20 22 7 9 9 15 10 13 7 14 16 22 16 7 14 8 11 13 11 16 20 10 12 16 20
Agosto: 17 7 7 22 19 12 10 22 7 20 22 16 18 7 17 7 18 10 7 16 10 17 20 9 15 9 18 12 22 8
Septiembre: 9 20 7 12 21 19 19 19 19 16 14 21 14 18 18 15 8 9 22 13 17 21 9 11 16 22 10 7 7 14
Octubre: 13 13 11 21 20 9 10 10 18 17 12 9 15 19 14 22 13 12 20 20 21 17 20 19 15 19 17 19 19 8
Noviembre: 9 9 7 22 8 16 11 17 17 9 15 12 21 10 19 16 11 13 19 19 20 7 10 19 17 10 15 10 13 7
Diciembre: 14 22 17 14 17 12 10 9 12 16 17 19 11 13 15 12 13 11 9 16 10 15 20 13 19 8 12 8 14 9
Enero: 12 13 14 22 21 22 21 19 13 9 14 7 12 14 16 7 15 14 11 21 15 14 8 15 19 22 9 10 21 9
Febrero: 18 18 9 12 9 22 12 8 20 8 10 15 18 22 12 15 19 10 13 18 12 11 16 14 15 18 8 18 11 19
Marzo: 21 7 7 12 13 20 13 17 18 16 21 11 10 20 12 20 16 13 20 20 17 8 16 18 21 8 16 21 11 16
Abril: 19 15 15 7 10 17 16 18 15 14 19 9 11 14 20 20 7 19 22 12 7 12 19 16 14 14 13 13 15 21
Mayo: 20 7 12 20 19 20 11 10 11 20 12 16 17 16 22 20 19 15 17 9 17 10 9 20 8 16 13 17 16 12
Junio: 20 7 22 10 10 16 20 16 13 11 17 10 13 15 16 11 15 22 9 20 16 14 10 8 13 19 22 8 8 18
Julio: 11 15 8 22 7 13 10 11 10 10 12 20 9 15 13 21 19 16 19 13 8 12 13 16 8 21 10 9 19 15
Agosto: 21 16 17 14 18 22 17 22 13 21 11 11 8 20 20 14 16 19 8 9 10 22 22 12 13 18 8 11 10 21
Septiembre: 16 20 16 11 12 21 11 19 13 20 18 10 15 17 22 15 14 8 11 7 14 12 13 16 9 14 14 18 17 21
Octubre: 8 14 13 17 10 18 7 10 9 13 22 17 21 20 19 17 13 20 15 8 10 8 7 22 7 18 15 21 12 16
Noviembre: 17 8 14 11 11 7 7 12 19 17 18 22 16 16 9 10 7 21 18 17 15 16 17 8 8 20 17 12 20 13
Diciembre: 19 22 11 8 19 9 22 18 12 16 10 8 22 13 9 10 11 7 19 19 11 14 14 16 21 11 15 21 13 17
